pitch 1
81
15
568 346
570 338
574 331
578 326
583 323
588 321
594 321
600 322
606 325
614 330
623 336
632 344
641 352
650 362
661 373
pitch 2
79
16
564 363
564 356
565 350
566 347
567 346
569 348
572 350
575 353
579 357
583 362
587 369
593 377
598 385
604 397
610 408
615 419
pitch 3
80
15
582 354
584 347
586 342
589 339
592 337
596 337
601 338
604 341
609 344
615 348
620 355
626 363
632 371
638 380
645 390
pitch 4
80
15
559 313
563 304
567 296
572 291
577 287
582 286
587 283
593 285
599 287
605 291
612 296
618 302
625 309
632 317
638 327
pitch 5
79
15
595 286
597 278
600 272
603 267
608 264
612 263
616 263
620 265
625 269
631 274
636 280
643 288
649 296
656 304
664 315
pitch 6
81
15
599 283
599 277
599 272
600 268
600 267
602 267
604 268
607 271
610 275
613 280
617 287
621 295
626 305
631 316
635 327
pitch 7
80
16
592 338
594 330
596 323
599 317
603 312
607 309
612 307
617 307
622 308
627 310
633 313
639 318
645 323
651 329
658 337
663 343
pitch 8
83
15
592 316
596 310
601 303
608 298
615 297
620 295
628 295
636 297
644 301
652 308
661 314
671 323
682 332
693 344
703 355
pitch 9
83
15
537 269
546 265
555 262
564 261
575 262
585 264
596 267
608 273
620 280
632 288
646 298
658 310
672 323
685 336
701 354
pitch 10
84
15
562 275
574 269
587 266
600 263
613 263
628 265
642 268
657 274
671 280
687 288
702 298
717 310
735 323
751 338
766 351
end