pitch 1
80
16
542 248
558 236
572 227
584 222
595 220
605 221
615 224
624 229
633 238
639 249
644 263
651 278
656 296
660 313
663 333
665 363
pitch 2
79
16
543 229
563 213
576 202
589 194
604 190
615 188
626 190
637 193
647 201
656 211
664 224
672 238
679 255
684 272
688 294
695 327
pitch 3
79
15
568 213
587 196
604 181
623 170
638 165
653 162
667 162
680 165
692 171
703 181
715 192
725 207
734 223
743 243
751 264
pitch 4
79
16
546 228
564 213
584 197
600 188
616 182
631 179
644 178
657 182
669 186
679 194
690 205
699 217
707 233
715 249
721 267
728 292
pitch 5
78
16
556 227
573 216
590 207
605 202
622 202
637 203
649 206
665 215
677 221
686 233
696 249
705 264
713 284
722 309
729 328
733 355
pitch 6
80
13
594 373
608 362
620 357
635 351
647 351
658 353
668 358
678 366
687 375
695 389
703 404
709 421
715 439
pitch 7
80
17
595 217
609 201
622 189
634 181
648 174
660 169
671 169
681 171
692 175
701 181
710 189
719 200
727 215
734 230
741 249
746 267
752 286
pitch 8
80
14
567 259
575 256
582 257
589 260
595 266
601 275
605 286
610 298
613 314
614 332
616 353
616 374
618 398
618 423
pitch 9
81
16
506 263
524 248
542 238
559 230
574 230
589 231
603 234
618 240
630 249
643 261
655 276
666 292
676 310
685 331
695 357
704 383
end