pitch 1
93
14
565 245
571 242
581 238
590 236
602 235
612 235
624 235
636 237
649 240
661 242
674 245
688 250
703 256
716 261
pitch 2
94
14
548 248
557 248
567 247
577 248
589 249
601 250
612 252
625 255
637 258
650 262
664 267
678 272
691 277
705 282
pitch 3
93
14
563 242
572 241
581 241
591 241
602 242
613 244
624 247
636 250
648 254
661 258
674 263
688 268
700 275
713 281
pitch 4
95
14
569 245
578 245
587 247
598 249
608 250
618 253
631 257
643 262
655 265
668 270
682 276
697 283
711 290
724 295
pitch 5
96
13
551 254
565 252
582 252
598 252
615 253
632 254
649 256
666 259
684 262
701 266
721 270
740 275
755 277
pitch 6
95
13
572 239
581 237
590 236
601 234
613 234
624 234
636 235
648 238
663 239
677 242
694 248
708 251
725 257
pitch 7
96
13
559 238
576 246
596 253
616 261
635 268
655 278
675 287
697 298
718 309
738 319
759 330
781 343
803 358
pitch 8
96
14
519 200
527 202
539 204
551 208
562 211
575 214
589 219
601 225
615 231
629 238
645 246
660 254
675 262
691 272
pitch 9
96
14
543 232
547 229
552 227
557 225
563 225
570 226
578 227
586 228
594 231
603 234
613 238
623 243
633 250
643 255
pitch 10
94
14
564 197
566 194
572 191
577 190
584 189
590 189
597 189
606 191
615 193
625 196
636 201
647 205
656 209
669 216
end