pitch 1
93
14
587 301
593 294
600 290
608 287
616 285
625 285
636 288
647 290
659 292
671 296
684 301
697 308
712 315
726 323
pitch 2
95
12
605 332
603 323
602 316
601 310
602 307
604 306
607 305
611 306
614 309
619 313
625 318
631 325
pitch 3
92
13
582 309
584 301
587 295
591 291
595 288
599 287
604 286
610 287
617 288
624 291
631 294
639 300
648 307
pitch 4
92
14
599 306
604 301
612 296
619 293
628 291
638 290
648 289
659 291
670 293
684 297
697 303
710 309
725 317
738 324
pitch 5
93
12
593 302
597 296
602 292
608 289
615 287
622 287
631 289
640 290
650 294
659 299
673 305
684 312
pitch 6
92
12
590 308
595 303
600 302
607 300
615 300
624 300
632 302
643 305
652 309
662 314
675 321
686 327
pitch 7
91
14
594 308
593 300
594 293
596 287
599 282
602 279
606 278
611 278
616 279
621 282
629 287
637 293
645 298
654 306
pitch 8
92
14
538 273
542 266
550 261
557 255
566 254
576 254
586 258
596 262
608 266
619 273
633 281
646 292
661 303
674 315
end