pitch 1
84
15
606 263
629 250
649 240
671 231
691 226
711 223
732 223
748 223
768 226
785 230
801 236
815 244
831 253
843 265
856 276
pitch 2
85
15
551 255
564 248
576 246
588 242
600 242
609 244
616 246
623 250
629 258
634 267
638 276
640 289
643 303
643 318
642 336
pitch 3
84
16
599 263
619 255
652 250
664 234
681 228
700 223
716 222
732 219
745 221
758 223
769 228
779 235
789 243
797 252
803 261
810 274
pitch 4
84
15
595 273
609 267
628 259
645 256
660 253
673 253
687 253
698 255
708 260
718 266
727 274
732 283
740 294
744 306
748 320
pitch 5
90
14
582 207
594 204
603 203
612 204
620 206
628 211
637 218
644 225
651 234
657 244
663 256
668 268
673 283
678 298
pitch 6
89
15
556 237
583 216
607 206
614 189
662 187
639 186
650 188
664 191
675 195
687 202
698 210
708 219
718 229
728 241
739 254
pitch 7
86
15
608 351
613 343
617 337
620 333
622 330
624 328
625 329
625 331
626 335
624 340
622 346
620 355
616 364
613 375
609 386
pitch 8
86
16
589 355
594 345
597 336
599 328
600 323
601 319
601 317
600 317
597 318
595 322
592 325
588 331
584 338
579 346
570 352
554 376
pitch 9
83
15
603 356
613 342
622 330
630 321
636 314
641 309
645 305
649 305
651 305
653 308
654 313
654 320
654 328
653 339
651 350
pitch 10
84
14
713 325
707 313
701 302
695 296
688 291
679 287
667 285
663 285
652 285
641 288
632 293
622 299
611 306
599 315
end