pitch 1
86
14
624 260
633 261
643 266
655 270
666 277
676 283
689 292
700 302
712 314
725 327
738 340
751 354
766 371
780 387
pitch 2
85
14
621 280
631 279
643 279
655 281
667 283
680 288
694 293
707 299
721 307
734 316
751 328
765 339
779 352
794 366
pitch 3
86
14
618 280
631 279
643 279
657 281
669 284
683 288
696 295
711 303
726 313
741 323
754 335
771 349
786 365
802 381
pitch 4
85
15
595 274
604 273
615 273
625 275
636 279
649 284
662 291
674 300
689 309
703 321
718 332
732 345
749 359
765 376
783 393
pitch 5
84
14
585 260
595 258
608 258
620 258
632 262
644 267
656 272
668 278
680 287
692 297
702 307
713 321
723 334
733 347
pitch 6
87
14
625 292
634 291
643 293
652 296
661 300
669 305
680 312
691 323
700 334
713 347
725 358
736 371
749 387
761 403
pitch 7
85
13
617 299
627 299
636 300
646 304
658 310
668 316
680 326
693 336
705 349
716 363
732 379
744 395
760 416
pitch 8
86
14
649 298
660 296
674 298
687 301
698 304
713 310
726 317
741 324
755 334
771 345
786 357
801 370
816 384
833 399
pitch 9
86
14
538 313
542 309
548 306
555 307
562 310
570 313
579 319
589 328
599 336
611 352
621 366
635 382
650 401
663 421
end